1919 708 1919 626 1552 656 1491 690 1452 755 1445 823 1468 865 1813 1078 1918 1077 1915 982 1634 829 1619 790 1636 755 1662 742 
1918 546 1916 567 1410 604 1174 632 1094 628 981 613 856 565 385 238 431 237 787 452 1132 567 1243 581 1346 586 
2 865 315 822 575 795 709 815 816 844 893 881 1052 996 1132 1076 800 1079 677 925 592 895 491 879 337 884 4 928 
3 688 339 660 413 644 455 620 463 591 432 507 362 411 376 320 633 582 648 634 619 661 549 687 436 707 0 746 
1810 1079 1458 854 796 457 431 240 388 240 845 560 1295 881 1574 1079 
0 865 322 823 1701 733 1919 708 1919 628 1557 654 302 772 0 808 
1919 568 1400 608 331 660 0 688 0 748 1504 630 1919 598 
752 578 336 239 288 239 633 581 1133 1079 1370 1079 
1575 1079 1293 874 1074 749 936 710 768 677 594 658 370 655 0 687 0 747 363 717 534 714 736 736 897 783 1091 854 1364 1079 
2 750 2 807 922 716 975 700 999 681 1012 665 1017 645 1018 626 1017 607 1008 585 432 241 389 239 850 561 865 580 869 600 862 624 845 645 820 670 286 725 
1919 627 1919 599 1137 661 1075 679 1044 709 1005 752 984 801 977 859 1014 959 1131 1079 1370 1079 1146 897 1130 849 1132 808 1153 770 1196 737 1241 706 1307 682 1521 659 
339 242 388 240 855 563 998 669 1038 682 1079 692 1128 694 1182 691 1919 626 1919 708 1343 783 1243 790 1134 782 1053 780 1000 775 930 734 856 667 
1 751 334 727 373 866 7 914 
1487 578 1917 550 1917 628 1521 660 
667 437 460 471 520 594 846 559 
1162 883 1623 833 1917 984 1916 1073 1408 1072 
